map 112
28 652 1
54 591 2
0 571 3
100 459 4
50 435 5
75 360 6
117 411 7
144 334 8
160 289 9
123 277 10
50 264 11
181 232 12
63 212 13
75 303 14
327 267 15
424 349 16
394 390 17
435 385 18
381 461 19
312 449 20
198 427 21
187 479 22
243 493 23
300 504 24
234 531 25
351 604 26
368 520 27
489 479 28
497 435 29
500 398 30
449 334 31
477 542 32
414 530 33
446 670 34
627 592 35
581 642 36
693 680 37
775 579 38
693 530 39
745 375 40
807 292 41
747 305 42
633 269 43
775 266 44
892 212 45
966 274 46
892 362 47
928 398 48
862 477 49
826 447 50
900 507 51
966 429 52
1005 303 53
1043 261 54
1136 236 55
1095 203 56
1086 294 57
1079 364 58
1164 262 59
1117 319 60
1043 337 61
1005 382 62
999 457 63 
933 537 64
975 581 65
955 553 66
1028 481 67
1108 392 68
1074 488 69
1164 390 70
1012 545 71
1010 630 72
1046 593 73
1147 559 74
1030 666 75
986 721 76
1058 714 77
1100 676 78
1074 632 79
1127 707 80
572 210 81
718 711 82
740 549 83
812 612 84
862 696 85
862 617 86
711 349 87
392 409 88
166 721 89
63 680 90
0 422 91
0 347 92
0 490 93
128 369 94
0 255 95
112 310 96
394 632 97
500 203 98
479 721 99
525 721 100
725 203 101
664 203 102
627 203 103
814 203 104
1028 203 105
627 709 106
1052 505 107
1136 420 108
17 507 109
655 246 110
497 358 111
757 435 112
spisok 
1 1 2
3 2 1 3 4
2 3 2 109
4 4 2 5 7 22
3 5 4 6 91
3 6 5 92 94
3 7 4 21 94
3 8 94 9 17
4 9 8 16 12 10
3 10 9 11 96
3 11 10 13 95
2 12 9 15
1 13 11
1 14 96
1 15 12
3 16 17 31 9
3 17 16 88 8
1 18 30
4 19 20 28 27 88
3 20 19 21 24
3 21 7 20 22
3 22 23 4 21
3 23 22 24 25
3 24 23 27 20
3 25 23 89 26
3 26 25 27 97
4 27 24 33 26 19
3 28 32 29 19
3 29 28 30 88
3 30 29 18 111
3 31 16 98 111
4 32 28 33 34 35
3 33 27 32 97
3 34 32 97 99
4 35 39 36 32 37
3 36 35 100 106
3 37 82 35 106
3 38 84 83 49
3 39 35 112 83
4 40 50 87 112 41
4 41 44 47 40 45
3 42 44 87 102
3 43 81 87 110
4 44 41 101 104 42
2 45 41 46
4 46 47 45 53 105
3 47 48 41 46
4 48 49 53 52 47
4 49 38 51 50 48
3 50 40 49 83
4 51 84 52 64 49
3 52 51 63 48
4 53 48 54 68 46
3 54 53 56 57
3 55 56 59 57
2 56 54 55
3 57 54 55 60
4 58 60 61 63 68
2 59 60 55
3 60 58 59 57
3 61 58 62 53
1 62 61
4 63 58 64 52 67
4 64 51 66 86 63
4 65 85 71 72 66
3 66 64 65 67
4 67 66 63 68 107
3 68 58 67 108
3 69 108 107 74
1 70 108
3 71 107 73 65
3 72 65 73 75
3 73 71 72 79
2 74 69 79
4 75 76 77 79 72
1 76 75
2 77 75 78
3 78 79 80 77
4 79 75 74 73 78
1 80 78
2 81 98 43
2 82 37 84
3 83 39 38 50
4 84 82 51 38 85
2 85 84 65 
1 86 64 
3 87 40 43 42
3 88 19 17 29
2 89 25 90
1 90 89
1 91 5
1 92 6
1 93 109
3 94 8 7 6
1 95 11
2 96 10 14
3 97 34 33 26
2 98 81 31
1 99 34
1 100 36
1 101 44
1 102 42
1 103 110
1 104 44
1 105 46
2 106 36 37
3 107 71 69 67
3 108 68 70 69
2 109 3 93
2 110 43 103
2 111 30 31
2 112 39 40